# Created by Octave 4.2.2, Thu Jan 30 19:03:37 2020 EET <luisto@Yoga-Nasu>
# name: B2
# type: scalar
-4.253464053222886


