# Created by Octave 4.2.2, Thu Jan 30 19:03:37 2020 EET <luisto@Yoga-Nasu>
# name: W2
# type: matrix
# rows: 3
# columns: 1
 10.30423687695044
 8.682383151376435
 -1.259803082121429


