# Created by Octave 4.2.2, Thu Jan 30 19:03:37 2020 EET <luisto@Yoga-Nasu>
# name: B1
# type: matrix
# rows: 1
# columns: 3
 -6.888539734397674 -7.775317611272919 -0.03913324061900018


