# Created by Octave 4.2.2, Thu Jan 30 19:03:37 2020 EET <luisto@Yoga-Nasu>
# name: W1
# type: matrix
# rows: 2
# columns: 3
 -4.322843118761893 9.664976846852298 -4.388770619839424
 8.700992184348612 -4.146350286712126 2.832886133973228


